{
 "cells": [
  {
   "cell_type": "code",
   "execution_count": 22,
   "id": "b6bbe8f2-18e8-43a7-929e-8cdc93adac25",
   "metadata": {},
   "outputs": [],
   "source": [
    "import pandas as pd\n",
    "df = pd.read_csv(r\"C:\\Users\\erins\\OneDrive\\Desktop\\MS_Data_analytics\\44-688\\Capstone_Project\\scraping-glassdoor-selenium\\Company_Rating_Data_Jupyter.csv\", encoding='latin-1')"
   ]
  },
  {
   "cell_type": "code",
   "execution_count": 23,
   "id": "8c4a0e2a-d86f-4bbe-abe6-01719aa28299",
   "metadata": {},
   "outputs": [
    {
     "name": "stderr",
     "output_type": "stream",
     "text": [
      "C:\\Users\\erins\\AppData\\Local\\Temp\\ipykernel_9680\\1134722465.py:1: FutureWarning: The default value of numeric_only in DataFrame.corr is deprecated. In a future version, it will default to False. Select only valid columns or specify the value of numeric_only to silence this warning.\n",
      "  df.corr()\n"
     ]
    },
    {
     "data": {
      "text/html": [
       "<div>\n",
       "<style scoped>\n",
       "    .dataframe tbody tr th:only-of-type {\n",
       "        vertical-align: middle;\n",
       "    }\n",
       "\n",
       "    .dataframe tbody tr th {\n",
       "        vertical-align: top;\n",
       "    }\n",
       "\n",
       "    .dataframe thead th {\n",
       "        text-align: right;\n",
       "    }\n",
       "</style>\n",
       "<table border=\"1\" class=\"dataframe\">\n",
       "  <thead>\n",
       "    <tr style=\"text-align: right;\">\n",
       "      <th></th>\n",
       "      <th>Company ID</th>\n",
       "      <th>Size</th>\n",
       "      <th>Industry</th>\n",
       "      <th>Rating</th>\n",
       "      <th>Headquarters</th>\n",
       "      <th>Ownership</th>\n",
       "      <th>Company Age</th>\n",
       "      <th>Est Revenue</th>\n",
       "    </tr>\n",
       "  </thead>\n",
       "  <tbody>\n",
       "    <tr>\n",
       "      <th>Company ID</th>\n",
       "      <td>1.000000</td>\n",
       "      <td>-0.071511</td>\n",
       "      <td>-0.049823</td>\n",
       "      <td>0.022112</td>\n",
       "      <td>0.016218</td>\n",
       "      <td>-0.010139</td>\n",
       "      <td>-0.033250</td>\n",
       "      <td>-0.091549</td>\n",
       "    </tr>\n",
       "    <tr>\n",
       "      <th>Size</th>\n",
       "      <td>-0.071511</td>\n",
       "      <td>1.000000</td>\n",
       "      <td>-0.049867</td>\n",
       "      <td>-0.261427</td>\n",
       "      <td>0.140795</td>\n",
       "      <td>0.180328</td>\n",
       "      <td>0.466386</td>\n",
       "      <td>0.840624</td>\n",
       "    </tr>\n",
       "    <tr>\n",
       "      <th>Industry</th>\n",
       "      <td>-0.049823</td>\n",
       "      <td>-0.049867</td>\n",
       "      <td>1.000000</td>\n",
       "      <td>0.004442</td>\n",
       "      <td>-0.010974</td>\n",
       "      <td>0.080460</td>\n",
       "      <td>-0.044764</td>\n",
       "      <td>-0.038972</td>\n",
       "    </tr>\n",
       "    <tr>\n",
       "      <th>Rating</th>\n",
       "      <td>0.022112</td>\n",
       "      <td>-0.261427</td>\n",
       "      <td>0.004442</td>\n",
       "      <td>1.000000</td>\n",
       "      <td>-0.035265</td>\n",
       "      <td>-0.141106</td>\n",
       "      <td>-0.120789</td>\n",
       "      <td>-0.231855</td>\n",
       "    </tr>\n",
       "    <tr>\n",
       "      <th>Headquarters</th>\n",
       "      <td>0.016218</td>\n",
       "      <td>0.140795</td>\n",
       "      <td>-0.010974</td>\n",
       "      <td>-0.035265</td>\n",
       "      <td>1.000000</td>\n",
       "      <td>-0.012353</td>\n",
       "      <td>0.135253</td>\n",
       "      <td>0.126737</td>\n",
       "    </tr>\n",
       "    <tr>\n",
       "      <th>Ownership</th>\n",
       "      <td>-0.010139</td>\n",
       "      <td>0.180328</td>\n",
       "      <td>0.080460</td>\n",
       "      <td>-0.141106</td>\n",
       "      <td>-0.012353</td>\n",
       "      <td>1.000000</td>\n",
       "      <td>0.166061</td>\n",
       "      <td>0.144459</td>\n",
       "    </tr>\n",
       "    <tr>\n",
       "      <th>Company Age</th>\n",
       "      <td>-0.033250</td>\n",
       "      <td>0.466386</td>\n",
       "      <td>-0.044764</td>\n",
       "      <td>-0.120789</td>\n",
       "      <td>0.135253</td>\n",
       "      <td>0.166061</td>\n",
       "      <td>1.000000</td>\n",
       "      <td>0.445653</td>\n",
       "    </tr>\n",
       "    <tr>\n",
       "      <th>Est Revenue</th>\n",
       "      <td>-0.091549</td>\n",
       "      <td>0.840624</td>\n",
       "      <td>-0.038972</td>\n",
       "      <td>-0.231855</td>\n",
       "      <td>0.126737</td>\n",
       "      <td>0.144459</td>\n",
       "      <td>0.445653</td>\n",
       "      <td>1.000000</td>\n",
       "    </tr>\n",
       "  </tbody>\n",
       "</table>\n",
       "</div>"
      ],
      "text/plain": [
       "              Company ID      Size  Industry    Rating  Headquarters  \\\n",
       "Company ID      1.000000 -0.071511 -0.049823  0.022112      0.016218   \n",
       "Size           -0.071511  1.000000 -0.049867 -0.261427      0.140795   \n",
       "Industry       -0.049823 -0.049867  1.000000  0.004442     -0.010974   \n",
       "Rating          0.022112 -0.261427  0.004442  1.000000     -0.035265   \n",
       "Headquarters    0.016218  0.140795 -0.010974 -0.035265      1.000000   \n",
       "Ownership      -0.010139  0.180328  0.080460 -0.141106     -0.012353   \n",
       "Company Age    -0.033250  0.466386 -0.044764 -0.120789      0.135253   \n",
       "Est Revenue    -0.091549  0.840624 -0.038972 -0.231855      0.126737   \n",
       "\n",
       "              Ownership  Company Age  Est Revenue  \n",
       "Company ID    -0.010139    -0.033250    -0.091549  \n",
       "Size           0.180328     0.466386     0.840624  \n",
       "Industry       0.080460    -0.044764    -0.038972  \n",
       "Rating        -0.141106    -0.120789    -0.231855  \n",
       "Headquarters  -0.012353     0.135253     0.126737  \n",
       "Ownership      1.000000     0.166061     0.144459  \n",
       "Company Age    0.166061     1.000000     0.445653  \n",
       "Est Revenue    0.144459     0.445653     1.000000  "
      ]
     },
     "execution_count": 23,
     "metadata": {},
     "output_type": "execute_result"
    }
   ],
   "source": [
    "df.corr()"
   ]
  },
  {
   "cell_type": "code",
   "execution_count": 14,
   "id": "ce6a965d-7160-492f-81f4-307e2d7e2778",
   "metadata": {},
   "outputs": [],
   "source": [
    "df = df.drop(['Industry','Headquarters'], axis=1)"
   ]
  },
  {
   "cell_type": "code",
   "execution_count": 21,
   "id": "f9bffc13-569c-47d1-9022-54223dc0d021",
   "metadata": {},
   "outputs": [
    {
     "data": {
      "text/html": [
       "<div>\n",
       "<style scoped>\n",
       "    .dataframe tbody tr th:only-of-type {\n",
       "        vertical-align: middle;\n",
       "    }\n",
       "\n",
       "    .dataframe tbody tr th {\n",
       "        vertical-align: top;\n",
       "    }\n",
       "\n",
       "    .dataframe thead th {\n",
       "        text-align: right;\n",
       "    }\n",
       "</style>\n",
       "<table border=\"1\" class=\"dataframe\">\n",
       "  <thead>\n",
       "    <tr style=\"text-align: right;\">\n",
       "      <th></th>\n",
       "      <th>Rating</th>\n",
       "      <th>Size</th>\n",
       "      <th>Est Revenue</th>\n",
       "      <th>Ownership</th>\n",
       "      <th>Company Age</th>\n",
       "    </tr>\n",
       "  </thead>\n",
       "  <tbody>\n",
       "    <tr>\n",
       "      <th>Rating</th>\n",
       "      <td>1.000000</td>\n",
       "      <td>-0.261427</td>\n",
       "      <td>-0.231855</td>\n",
       "      <td>-0.141106</td>\n",
       "      <td>-0.120789</td>\n",
       "    </tr>\n",
       "    <tr>\n",
       "      <th>Size</th>\n",
       "      <td>-0.261427</td>\n",
       "      <td>1.000000</td>\n",
       "      <td>0.840624</td>\n",
       "      <td>0.180328</td>\n",
       "      <td>0.466386</td>\n",
       "    </tr>\n",
       "    <tr>\n",
       "      <th>Est Revenue</th>\n",
       "      <td>-0.231855</td>\n",
       "      <td>0.840624</td>\n",
       "      <td>1.000000</td>\n",
       "      <td>0.144459</td>\n",
       "      <td>0.445653</td>\n",
       "    </tr>\n",
       "    <tr>\n",
       "      <th>Ownership</th>\n",
       "      <td>-0.141106</td>\n",
       "      <td>0.180328</td>\n",
       "      <td>0.144459</td>\n",
       "      <td>1.000000</td>\n",
       "      <td>0.166061</td>\n",
       "    </tr>\n",
       "    <tr>\n",
       "      <th>Company Age</th>\n",
       "      <td>-0.120789</td>\n",
       "      <td>0.466386</td>\n",
       "      <td>0.445653</td>\n",
       "      <td>0.166061</td>\n",
       "      <td>1.000000</td>\n",
       "    </tr>\n",
       "  </tbody>\n",
       "</table>\n",
       "</div>"
      ],
      "text/plain": [
       "               Rating      Size  Est Revenue  Ownership  Company Age\n",
       "Rating       1.000000 -0.261427    -0.231855  -0.141106    -0.120789\n",
       "Size        -0.261427  1.000000     0.840624   0.180328     0.466386\n",
       "Est Revenue -0.231855  0.840624     1.000000   0.144459     0.445653\n",
       "Ownership   -0.141106  0.180328     0.144459   1.000000     0.166061\n",
       "Company Age -0.120789  0.466386     0.445653   0.166061     1.000000"
      ]
     },
     "execution_count": 21,
     "metadata": {},
     "output_type": "execute_result"
    }
   ],
   "source": [
    "df[['Rating','Size','Est Revenue','Ownership','Company Age']].corr()"
   ]
  },
  {
   "cell_type": "code",
   "execution_count": null,
   "id": "6ef12f80-9221-4f57-8251-8ea7bba14638",
   "metadata": {},
   "outputs": [],
   "source": []
  }
 ],
 "metadata": {
  "kernelspec": {
   "display_name": "Python 3 (ipykernel)",
   "language": "python",
   "name": "python3"
  },
  "language_info": {
   "codemirror_mode": {
    "name": "ipython",
    "version": 3
   },
   "file_extension": ".py",
   "mimetype": "text/x-python",
   "name": "python",
   "nbconvert_exporter": "python",
   "pygments_lexer": "ipython3",
   "version": "3.10.9"
  }
 },
 "nbformat": 4,
 "nbformat_minor": 5
}
